25770
28881
1925
12834
14551
2401
12323
20298
6071
17701
24630
12728
18704
966
9485
7198
17276
9506
25634
17429
13073
17538
14038
25600
27512
13837
3252
28262
23584
10806
16114
28794
6593
23402
16257
19203
15492
6297
721
29768
20221
9962
11312
26965
4601
194
2601
662
10312
14574
25102
12059
7168
4741
23163
343
7666
8960
15358
3202
25262
18768
16217
19974
8152
11784
6993
7842
16276
23392
12507
2735
26835
24386
13262
25305
1349
20721
20071
26204
26675
3127
14893
22081
13104
7925
3631
9814
6490
5717
17726
12170
22793
11244
3210
14972
7018
24380
17744
3365
16587
5068
15591
11561
12977
18756
13032
17786
13268
3641
9508
12055
9520
18435
13573
26104
29529
29126
8066
11007
17355
25711
3017
10338
20347
17551
28553
3907
11387
11070
24399
11322
21017
5898
21646
8817
1130
19968
4788
8208
28564
5174
5686
19586
5461
18723
15383
11408
5458
16663
2955
15052
24317
25207
15106
27332
19729
8633
28407
14729
14825
29064
22824
17949
8914
25721
13692
27331
14925
25480
3840
12621
20884
20784
24455
13914
2141
15289
15732
4435
24636
14784
27770
3673
12246
10263
11073
17483
10989
5520
8577
23989
4121
24255
21745
128
21531
18979
12225
20642
5992
14611
576
26054
17856
11630
16498
15870
6181
25010
3010
10542
22579
3841
4899
28191
22973
18987
4855
5794
7681
17672
24258
14487
4377
12078
1868
26215
21370
7933
3293
22487
15951
28038
10074
19634
9637
15651
10519
6169
23130
14860
26808
12171
6094
3872
16694
16590
23525
3595
22092
8198
28136
26718
21014
23753
5805
1454
27326
19200
15624
15994
10791
28158
11769
8010
27378
10464
29683
2972
27273
6814
9263
24023
685
13256
17633
14613
21459
24133
26839
24226
7872
5190
24806
6727
19153
10683
23806
20531
23384
14
21584
26856
25663
14367
14686
26630
4746
25812
26887
17837
21794
6535
17250
8676
7204
1125
5240
21676
8240
15394
10533
19824
1749
8800
1486
23627
9757
17400
13938
20625
15021
7142
22238
12117
19424
21688
28928
3803
25404
25385
12414
16230
20876
20895
18156
4628
20612
23815
10311
736
24075
8736
25466
26983
15955
14417
10104
24422
10962
6198
17479
10897
4075
13157
9037
3494
28631
21577
1531
22243
7075
111
15186
1999
2384
15451
7265
8765
25412
24371
7486
24038
1719
18096
8672
15268
16048
1432
20475
29387
25210
2958
23208
23190
12013
8603
19788
7678
15913
26890
13621
18196
7238
11330
16880
6291
1035
29457
23186
19905
8976
1514
19258
23391
1229
3688
211
15685
13560
28489
2195
14059
9007
24644
24030
24197
14196
5877
12825
25313
26758
17595
24579
25776
12123
28735
5522
24691
8034
27765
893
18530
16218
18850
25971
21679
19972
1081
18082
1436
21055
6677
28546
664
28992
11745
23831
11836
3496
23539
13572
13368
13202
604
10060
6265
27544
29343
523
22565
28383
22251
25963
20541
25669
11320
18342
27494
4939
13568
21191
7709
13787
10887
1246
6680
10967
8161
6420
24654
19829
27517
10148
15459
11459
24139
3079
18742
22387
12334
285
22876
29566
27293
12793
17710
28504
9342
1923
5744
22675
26451
16036
22720
968
16882
5372
15711
2305
1653
10658
4924
11487
24411
16966
18036
26512
7450
2781
20946
14957
7564
23321
7895
13453
17127
20661
12019
28171
17987
15693
9610
14455
10121
11502
2005
5987
3132
10496
372
11542
2767
29579
2867
26035
5575
1527
3640
15781
11233
1573
27843
22461
26388
3823
23209
5412
22324
10772
1587
28657
20186
8113
21273
7547
25248
6661
13522
1047
20996
9298
22877
26422
2125
2136
1301
162
14841
20515
19819
14740
29957
17258
7308
18585
8436
6082
4670
24608
13668
24968
16305
27219
16129
18291
16115
1252
5114
24439
12176
26114
1652
6538
20372
20496
20540
2559
13495
5725
23353
22192
26425
7794
10318
24037
13221
26390
23231
19882
13874
14513
27791
19984
3160
27045
12522
28813
7275
23857
15845
3062
5208
17139
16830
10366
9843
20227
5740
22385
9443
5633
2339
1926
16546
6935
8097
20703
12644
12686
23210
16863
11692
28796
14679
3668
7622
6173
18222
18366
5104
27924
17049
29512
19423
29001
26213
25852
19228
24415
16544
350
12656
3285
29199
11788
9540
25068
15755
13166
29912
6666
22347
1632
29973
29364
14036
14642
29367
621
7295
5768
28196
22365
4029
28646
13624
6194
2740
4680
5363
21061
23283
9498
26191
26784
1282
2284
7685
16228
14734
29089
22578
23469
21505
15747
24548
24235
28560
10012
3964
933
22131
4091
23171
8872
16130
24381
27893
575
23557
14522
2567
980
29121
4632
25187
1714
8930
13838
22514
8435
29573
19448
21007
9491
17561
5123
27842
5138
7959
27330
22245
24880
21276
19442
23032
28515
29152
11058
20786
23362
15370
14980
10033
24634
2747
19792
14949
28111
4541
3885
13902
15374
29427
28548
11372
9798
15948
14387
15409
21915
25266
6088
19261
21606
19067
14971
11613
24231
20740
122
2237
960
15850
7634
8265
4851
1143
9036
27938
22733
1702
13521
16492
13413
20126
21022
13714
13046
8911
6897
14419
17879
24196
22632
29968
27192
1616
25165
2921
10162
3866
29182
376
436
8387
2866
18759
10011
25606
13753
24751
15706
4512
14459
27525
6058
9002
5517
14744
28086
2399
4450
23534
28728
22491
20873
29559
14297
4554
255
14518
5017
2759
16720
12438
12676
28718
3854
3575
19383
18802
18379
11896
5260
29674
28550
20544
20371
2268
8151
29103
9803
3183
3672
27073
14879
10333
17239
21664
11034
12143
5793
12818
26593
13587
21116
9085
962
29293
22032
10119
28647
10387
7545
1870
15541
3883
6930
26786
26998
16999
11128
5994
28357
27830
18677
9724
655
12603
1898
12669
29557
3999
23805
8674
25880
26721
16833
7881
2760
11914
1474
23046
28835
9146
13615
10565
26527
25107
9209
19986
16412
12087
3387
21488
22522
25463
22434
11381
17572
1304
876
26970
25122
22023
19236
2974
693
7143
17916
11569
26686
4401
27072
8062
8269
29328
19600
10534
26514
714
20536
24653
23689
20465
4471
23887
2378
5234
1631
16624
15535
23246
28149
37
3888
14465
26193
2503
7133
7645
1191
773
4355
22995
9604
11555
3367
14961
7603
26048
17458
2563
29971
25545
8074
25726
